const two = [
  [65, 35],
  [40, 60],
  [55, 45],
  [50, 50],
];

const three = [
  [33.3, 33.3, 33.3],
  [25, 35, 40],
  [15, 30, 50],
  [20, 30, 50],
  [60, 20, 20],
  [25, 25, 50],
  [15, 15, 70],
  [20, 40, 40],
  [30, 30, 40],
  [25, 25, 50],
  [35, 35, 30]
];

const four = [
  [10, 20, 30, 40],
  [15, 20, 25, 40],
  [15, 15, 30, 40],
  [20, 20, 25, 35],
  [25, 25, 25, 25],
  [25, 25, 30, 20],
  [30, 30, 20, 20],
  [30, 30, 15, 25],
  [35, 35, 15, 15]
];

const five = [
  [10, 15, 20, 25, 30],
  [15, 15, 15, 25, 30],
  [15, 15, 15, 20, 35],
  [15, 15, 15, 15, 40]
];

const six = [
  [16.6, 16.6, 16.6, 16.6, 16.6, 16.6],
  [10, 10, 10, 10, 10, 50],
  [10, 10, 10, 10, 20, 40],
  [10, 10, 10, 10, 30, 30],
  [10, 10, 10, 20, 25, 25]
];

export const COUNT_MAP = {
  1: [],
  2: two,
  3: three,
  4: four,
  5: five,
  6: six
};

const percentage = (n) => n / 100;
